0 2
0 90
0 84
0 68
0 9
0 70
0 79
0 4
0 89
0 12
1 9
1 2
1 78
1 12
1 90
1 69
1 68
1 79
1 34
1 83
2 78
2 79
2 68
2 12
2 89
2 69
2 1
2 90
2 84
2 34
3 84
3 89
3 78
3 83
3 79
3 68
3 26
3 2
3 90
3 88
4 86
4 79
4 90
4 68
4 12
4 78
4 70
4 89
4 69
4 80
5 4
5 86
5 90
5 81
5 8
5 18
5 33
5 80
5 9
5 44
6 13
6 9
6 12
6 78
6 88
6 79
6 90
6 80
6 91
6 89
7 78
7 81
7 12
7 68
7 72
7 79
7 90
7 89
7 36
7 80
8 86
8 78
8 69
8 89
8 68
8 7
8 36
8 72
8 12
8 91
9 12
9 1
9 90
9 78
9 79
9 2
9 91
9 86
9 6
9 7
10 36
10 78
10 89
10 68
10 20
10 41
10 48
10 34
10 69
10 90
11 78
11 36
11 10
11 83
11 69
11 26
11 2
11 82
11 68
11 7
12 78
12 79
12 68
12 81
12 90
12 89
12 65
12 7
12 72
12 80
13 91
13 12
13 88
13 7
13 78
13 6
13 80
13 81
13 9
13 72
14 20
14 22
14 41
14 19
14 43
14 48
14 89
14 68
14 21
14 18
15 69
15 38
15 33
15 19
15 65
15 70
15 90
15 43
15 89
15 68
16 1
16 22
16 69
16 20
16 48
16 70
16 78
16 68
16 29
16 81
17 228
17 267
17 264
17 103
17 105
17 101
17 265
17 266
17 106
17 201
18 20
18 22
18 44
18 48
18 21
18 14
18 41
18 80
18 43
18 36
19 14
19 22
19 20
19 18
19 21
19 41
19 48
19 43
19 36
19 89
20 22
20 21
20 48
20 36
20 41
20 69
20 68
20 43
20 33
20 44
21 20
21 22
21 41
21 68
21 89
21 36
21 48
21 43
21 35
21 44
22 48
22 20
22 36
22 68
22 21
22 41
22 89
22 69
22 70
22 43
23 65
23 22
23 90
23 49
23 80
23 48
23 81
23 12
23 34
23 111
24 22
24 19
24 14
24 36
24 44
24 20
24 21
24 41
24 48
24 18
25 21
25 27
25 22
25 35
25 81
25 85
25 19
25 41
25 26
25 70
26 35
26 34
26 68
26 89
26 70
26 41
26 69
26 36
26 48
26 79
27 36
27 26
27 68
27 29
27 69
27 41
27 89
27 43
27 46
27 20
28 83
28 33
28 36
28 68
28 89
28 82
28 26
28 78
28 48
28 69
29 69
29 68
29 27
29 36
29 46
29 33
29 89
29 20
29 44
29 79
30 35
30 26
30 43
30 33
30 28
30 81
30 41
30 89
30 79
30 27
31 7
31 86
31 33
31 3
31 88
31 72
31 26
31 36
31 34
31 70
32 78
32 70
32 65
32 68
32 12
32 72
32 66
32 33
32 36
32 34
33 20
33 48
33 41
33 43
33 22
33 68
33 69
33 44
33 36
33 46
34 48
34 89
34 68
34 41
34 78
34 69
34 36
34 70
34 35
34 46
35 34
35 26
35 89
35 41
35 68
35 20
35 36
35 48
35 70
35 22
36 20
36 68
36 69
36 89
36 22
36 46
36 41
36 78
36 48
36 34
37 28
37 33
37 69
37 29
37 7
37 46
37 11
37 83
37 81
37 119
38 41
38 89
38 70
38 43
38 34
38 26
38 35
38 68
38 84
38 33
39 47
39 33
39 70
39 65
39 48
39 41
39 22
39 44
39 90
39 43
40 43
40 41
40 44
40 46
40 33
40 68
40 89
40 20
40 48
40 34
41 43
41 48
41 20
41 36
41 44
41 34
41 22
41 89
41 33
41 46
42 20
42 48
42 43
42 36
42 46
42 33
42 41
42 44
42 69
42 40
43 41
43 20
43 44
43 40
43 48
43 22
43 89
43 68
43 33
43 34
44 48
44 41
44 43
44 20
44 22
44 69
44 68
44 36
44 33
44 46
45 40
45 70
45 66
45 36
45 78
45 41
45 90
45 79
45 82
45 21
46 69
46 36
46 68
46 48
46 20
46 34
46 41
46 89
46 43
46 22
47 44
47 41
47 48
47 33
47 43
47 70
47 20
47 22
47 69
47 46
48 22
48 34
48 20
48 41
48 44
48 69
48 46
48 68
48 70
48 33
49 41
49 40
49 43
49 48
49 33
49 20
49 90
49 34
49 21
49 89
50 56
50 83
50 62
50 59
50 81
50 29
50 245
50 79
50 2
50 66
51 62
51 60
51 78
51 69
51 89
51 91
51 65
51 72
51 68
51 85
52 54
52 56
52 160
52 84
52 89
52 55
52 65
52 62
52 85
52 8
53 56
53 59
53 55
53 80
53 58
53 72
53 18
53 84
53 240
53 57
54 52
54 56
54 55
54 160
54 84
54 59
54 89
54 70
54 35
54 8
55 56
55 59
55 58
55 62
55 160
55 70
55 57
55 80
55 82
55 68
56 55
56 59
56 58
56 72
56 70
56 80
56 68
56 62
56 90
56 84
57 59
57 58
57 62
57 56
57 55
57 67
57 66
57 68
57 78
57 83
58 59
58 56
58 55
58 57
58 62
58 21
58 12
58 72
58 22
58 80
59 58
59 57
59 56
59 55
59 62
59 67
59 66
59 80
59 72
59 7
60 62
60 56
60 55
60 59
60 154
60 157
60 158
60 61
60 160
60 153
61 60
61 55
61 62
61 157
61 59
61 56
61 154
61 160
61 57
61 71
62 59
62 60
62 56
62 57
62 160
62 154
62 58
62 55
62 89
62 78
63 56
63 60
63 62
63 158
63 58
63 55
63 153
63 157
63 59
63 154
64 65
64 36
64 68
64 69
64 89
64 91
64 84
64 12
64 78
64 72
65 69
65 68
65 70
65 89
65 79
65 12
65 90
65 78
65 81
65 36
66 67
66 68
66 70
66 89
66 79
66 69
66 72
66 65
66 21
66 22
67 66
67 68
67 70
67 89
67 69
67 26
67 72
67 65
67 78
67 84
68 89
68 69
68 70
68 78
68 36
68 20
68 34
68 79
68 65
68 84
69 68
69 89
69 46
69 36
69 70
69 20
69 65
69 48
69 78
69 22
70 68
70 69
70 89
70 48
70 22
70 34
70 65
70 90
70 66
70 78
71 76
71 89
71 72
71 84
71 68
71 70
71 78
71 79
71 90
71 69
72 78
72 68
72 80
72 79
72 12
72 7
72 89
72 86
72 74
72 84
73 74
73 72
73 80
73 70
73 21
73 75
73 86
73 22
73 12
73 82
74 72
74 80
74 75
74 21
74 68
74 70
74 22
74 86
74 7
74 90
75 72
75 74
75 80
75 84
75 79
75 68
75 21
75 35
75 89
75 22
76 70
76 68
76 67
76 69
76 65
76 71
76 66
76 81
76 72
76 74
77 83
77 72
77 74
77 86
77 89
77 71
77 90
77 78
77 10
77 18
78 68
78 12
78 89
78 79
78 69
78 36
78 72
78 34
78 90
78 2
79 12
79 78
79 68
79 89
79 84
79 69
79 90
79 65
79 70
79 72
80 72
80 84
80 68
80 78
80 22
80 79
80 12
80 90
80 70
80 89
81 68
81 7
81 89
81 78
81 12
81 79
81 90
81 69
81 65
81 80
82 83
82 84
82 68
82 70
82 78
82 80
82 79
82 20
82 69
82 89
83 82
83 89
83 68
83 78
83 79
83 84
83 69
83 36
83 72
83 70
84 68
84 89
84 79
84 69
84 80
84 70
84 78
84 90
84 35
84 36
85 81
85 68
85 65
85 12
85 89
85 70
85 79
85 86
85 80
85 84
86 90
86 68
86 72
86 79
86 22
86 70
86 89
86 78
86 12
86 69
87 161
87 88
87 83
87 152
87 3
87 43
87 40
87 36
87 89
87 172
88 78
88 89
88 68
88 12
88 36
88 83
88 79
88 72
88 69
88 86
89 68
89 69
89 34
89 78
89 36
89 70
89 90
89 41
89 79
89 22
90 89
90 68
90 78
90 70
90 79
90 12
90 86
90 22
90 65
90 69
91 7
91 12
91 81
91 65
91 78
91 79
91 90
91 68
91 13
91 89
92 94
92 98
92 100
92 96
92 95
92 99
92 93
92 97
92 48
92 68
93 95
93 99
93 94
93 100
93 92
93 98
93 96
93 97
93 48
93 34
94 98
94 92
94 100
94 96
94 95
94 93
94 99
94 97
94 48
94 34
95 93
95 99
95 92
95 94
95 100
95 97
95 98
95 96
95 48
95 34
96 97
96 92
96 94
96 98
96 100
96 95
96 99
96 93
96 68
96 48
97 96
97 99
97 95
97 92
97 94
97 100
97 93
97 98
97 48
97 68
98 94
98 92
98 100
98 96
98 95
98 93
98 99
98 97
98 48
98 69
99 95
99 93
99 97
99 96
99 92
99 94
99 100
99 98
99 48
99 34
100 94
100 98
100 92
100 96
100 95
100 93
100 99
100 97
100 48
100 68
101 102
101 103
101 108
101 107
101 106
101 105
101 267
101 265
101 264
101 266
102 108
102 106
102 107
102 103
102 105
102 265
102 266
102 101
102 267
102 264
103 106
103 107
103 265
103 266
103 108
103 267
103 105
103 264
103 102
103 101
104 266
104 264
104 265
104 267
104 106
104 107
104 103
104 105
104 108
104 102
105 265
105 106
105 103
105 107
105 266
105 267
105 108
105 102
105 264
105 101
106 107
106 265
106 108
106 266
106 103
106 105
106 267
106 102
106 264
106 101
107 106
107 108
107 265
107 266
107 103
107 267
107 105
107 102
107 264
107 101
108 107
108 106
108 103
108 102
108 265
108 266
108 105
108 267
108 264
108 101
109 122
109 116
109 127
109 118
109 229
109 141
109 145
109 210
109 119
109 151
110 124
110 144
110 240
110 116
110 143
110 117
110 226
110 236
110 114
110 163
111 229
111 109
111 122
111 145
111 127
111 116
111 119
111 141
111 118
111 240
112 122
112 145
112 119
112 118
112 109
112 127
112 141
112 206
112 240
112 124
113 135
113 114
113 132
113 236
113 124
113 226
113 238
113 231
113 172
113 150
114 226
114 124
114 236
114 135
114 132
114 241
114 231
114 248
114 240
114 238
115 138
115 114
115 143
115 227
115 231
115 134
115 241
115 237
115 135
115 239
116 118
116 109
116 127
116 122
116 242
116 141
116 229
116 210
116 119
116 124
117 114
117 132
117 226
117 124
117 237
117 113
117 239
117 134
117 135
117 231
118 116
118 122
118 109
118 127
118 124
118 242
118 120
118 150
118 119
118 229
119 118
119 122
119 116
119 127
119 124
119 109
119 242
119 240
119 211
119 141
120 118
120 150
120 242
120 206
120 124
120 211
120 116
120 226
120 109
120 114
121 150
121 241
121 145
121 240
121 118
121 124
121 120
121 122
121 119
121 242
122 109
122 118
122 116
122 127
122 119
122 242
122 229
122 145
122 141
122 240
123 116
123 210
123 151
123 150
123 118
123 147
123 250
123 258
123 109
123 127
124 114
124 132
124 118
124 240
124 236
124 226
124 150
124 241
124 242
124 248
125 126
125 138
125 250
125 219
125 137
125 124
125 225
125 248
125 114
125 119
126 125
126 122
126 111
126 127
126 121
126 109
126 141
126 118
126 147
126 119
127 116
127 109
127 118
127 122
127 229
127 119
127 141
127 242
127 210
127 145
128 118
128 261
128 127
128 109
128 116
128 210
128 132
128 124
128 234
128 122
129 134
129 113
129 149
129 124
129 132
129 114
129 135
129 236
129 231
129 226
130 135
130 134
130 113
130 114
130 124
130 241
130 226
130 236
130 138
130 132
131 134
131 135
131 144
131 113
131 114
131 236
131 124
131 240
131 238
131 226
132 114
132 124
132 236
132 240
132 231
132 226
132 150
132 113
132 135
132 242
133 134
133 135
133 113
133 114
133 172
133 219
133 130
133 236
133 174
133 124
134 135
134 114
134 124
134 226
134 236
134 149
134 132
134 113
134 117
134 241
135 114
135 134
135 113
135 236
135 132
135 124
135 149
135 226
135 231
135 150
136 239
136 258
136 109
136 210
136 147
136 118
136 229
136 116
136 167
136 141
137 250
137 117
137 140
137 142
137 144
137 114
137 132
137 124
137 135
137 237
138 237
138 114
138 124
138 248
138 143
138 226
138 241
138 118
138 117
138 135
139 116
139 118
139 225
139 150
139 151
139 206
139 109
139 127
139 8
139 226
140 149
140 135
140 132
140 114
140 117
140 134
140 144
140 238
140 124
140 113
141 109
141 116
141 229
141 151
141 127
141 122
141 205
141 118
141 145
141 210
142 149
142 135
142 238
142 114
142 132
142 113
142 150
142 248
142 236
142 124
143 226
143 114
143 124
143 135
143 117
143 138
143 150
143 218
143 236
143 149
144 114
144 208
144 238
144 135
144 124
144 117
144 134
144 132
144 113
144 149
145 109
145 122
145 127
145 141
145 116
145 119
145 229
145 118
145 150
145 240
146 120
146 121
146 127
146 211
146 109
146 242
146 206
146 132
146 149
146 116
147 141
147 122
147 109
147 229
147 145
147 118
147 150
147 127
147 242
147 211
148 147
148 145
148 122
148 229
148 256
148 226
148 70
148 127
148 48
148 149
149 150
149 135
149 132
149 114
149 124
149 113
149 134
149 236
149 226
149 120
150 124
150 118
150 120
150 242
150 240
150 132
150 149
150 114
150 236
150 226
151 229
151 210
151 205
151 141
151 109
151 259
151 242
151 116
151 262
151 206
152 161
152 160
152 153
152 154
152 157
152 158
152 199
152 198
152 155
152 196
153 160
153 157
153 154
153 158
153 152
153 156
153 155
153 161
153 159
153 198
154 160
154 158
154 157
154 153
154 155
154 199
154 201
154 198
154 159
154 202
155 154
155 156
155 159
155 196
155 202
155 201
155 197
155 198
155 203
155 158
156 155
156 154
156 158
156 159
156 157
156 193
156 201
156 153
156 198
156 160
157 153
157 154
157 160
157 158
157 156
157 152
157 155
157 161
157 198
157 159
158 154
158 160
158 159
158 153
158 157
158 201
158 193
158 155
158 202
158 192
159 203
159 201
159 193
159 192
159 158
159 155
159 202
159 199
159 154
159 200
160 154
160 153
160 158
160 157
160 152
160 155
160 198
160 199
160 196
160 201
161 152
161 160
161 153
161 157
161 154
161 158
161 196
161 198
161 199
161 156
162 163
162 168
162 191
162 180
162 178
162 172
162 179
162 190
162 174
162 177
163 172
163 174
163 162
163 178
163 191
163 168
163 180
163 132
163 248
163 238
164 165
164 169
164 189
164 177
164 173
164 179
164 187
164 166
164 170
164 168
165 169
165 189
165 173
165 177
165 179
165 187
165 166
165 167
165 190
165 168
166 187
166 173
166 167
166 177
166 179
166 168
166 190
166 170
166 262
166 169
167 173
167 187
167 168
167 190
167 179
167 180
167 166
167 177
167 262
167 191
168 180
168 190
168 191
168 179
168 167
168 173
168 177
168 178
168 187
168 166
169 173
169 177
169 179
169 190
169 189
169 187
169 167
169 166
169 168
169 191
170 166
170 187
170 167
170 173
170 262
170 229
170 258
170 177
170 205
170 168
171 166
171 173
171 167
171 187
171 170
171 179
171 177
171 168
171 190
171 169
172 174
172 163
172 207
172 238
172 113
172 208
172 114
172 132
172 248
172 226
173 167
173 187
173 179
173 190
173 166
173 177
173 168
173 180
173 191
173 169
174 172
174 163
174 238
174 208
174 113
174 207
174 114
174 132
174 248
174 135
175 171
175 169
175 168
175 177
175 167
175 180
175 166
175 179
175 173
175 178
176 208
176 163
176 172
176 174
176 188
176 239
176 224
176 132
176 226
176 238
177 179
177 187
177 190
177 173
177 168
177 180
177 167
177 191
177 178
177 166
178 191
178 180
178 168
178 190
178 177
178 179
178 167
178 173
178 187
178 163
179 190
179 173
179 177
179 168
179 187
179 180
179 191
179 167
179 166
179 186
180 168
180 191
180 190
180 178
180 179
180 167
180 177
180 173
180 187
180 242
181 182
181 174
181 178
181 191
181 172
181 163
181 180
181 168
181 208
181 238
182 191
182 178
182 190
182 180
182 168
182 163
182 179
182 188
182 177
182 174
183 184
183 162
183 163
183 178
183 172
183 191
183 186
183 180
183 168
183 174
184 183
184 162
184 163
184 172
184 178
184 191
184 186
184 174
184 180
184 168
185 184
185 183
185 230
185 248
185 245
185 231
185 138
185 121
185 113
185 238
186 179
186 177
186 190
186 187
186 173
186 178
186 191
186 180
186 168
186 167
187 173
187 167
187 177
187 166
187 179
187 190
187 168
187 262
187 180
187 191
188 180
188 191
188 190
188 178
188 168
188 177
188 179
188 167
188 173
188 250
189 169
189 179
189 173
189 190
189 187
189 177
189 166
189 167
189 165
189 186
190 179
190 191
190 173
190 168
190 180
190 177
190 167
190 187
190 178
190 166
191 190
191 180
191 168
191 178
191 179
191 173
191 177
191 167
191 187
191 242
192 201
192 202
192 203
192 200
192 193
192 198
192 199
192 196
192 159
192 154
193 203
193 201
193 202
193 199
193 198
193 200
193 192
193 196
193 159
193 197
194 193
194 201
194 203
194 199
194 159
194 200
194 202
194 192
194 198
194 197
195 194
195 193
195 199
195 198
195 200
195 202
195 201
195 203
195 196
195 197
196 198
196 202
196 197
196 199
196 200
196 201
196 203
196 193
196 192
196 155
197 196
197 198
197 202
197 201
197 199
197 200
197 203
197 193
197 155
197 192
198 202
198 196
198 200
198 201
198 193
198 199
198 203
198 192
198 197
198 154
199 202
199 203
199 193
199 201
199 198
199 200
199 196
199 192
199 197
199 154
200 202
200 201
200 198
200 203
200 193
200 199
200 192
200 196
200 197
200 155
201 200
201 202
201 203
201 193
201 198
201 192
201 199
201 196
201 159
201 197
202 200
202 198
202 201
202 203
202 193
202 199
202 196
202 192
202 197
202 155
203 193
203 201
203 202
203 200
203 199
203 198
203 192
203 196
203 159
203 197
204 207
204 248
204 241
204 172
204 215
204 224
204 114
204 135
204 124
204 113
205 262
205 210
205 229
205 242
205 259
205 151
205 206
205 255
205 116
205 209
206 211
206 205
206 242
206 120
206 262
206 229
206 210
206 118
206 209
206 259
207 238
207 172
207 114
207 208
207 231
207 248
207 132
207 241
207 226
207 218
208 238
208 207
208 172
208 248
208 250
208 114
208 174
208 132
208 226
208 231
209 259
209 205
209 262
209 242
209 206
209 229
209 210
209 255
209 211
209 116
210 205
210 229
210 262
210 151
210 116
210 109
210 259
210 118
210 242
210 127
211 242
211 248
211 206
211 118
211 120
211 240
211 229
211 116
211 241
211 124
212 213
212 237
212 226
212 172
212 117
212 211
212 239
212 224
212 248
212 245
213 212
213 263
213 170
213 111
213 211
213 229
213 145
213 147
213 237
213 226
214 237
214 207
214 208
214 114
214 172
214 117
214 226
214 135
214 248
214 238
215 248
215 239
215 242
215 240
215 236
215 241
215 114
215 231
215 124
215 238
216 208
216 218
216 238
216 250
216 207
216 248
216 241
216 225
216 114
216 124
217 216
217 256
217 210
217 229
217 206
217 151
217 209
217 120
217 205
217 116
218 238
218 114
218 231
218 135
218 236
218 132
218 207
218 241
218 248
218 149
219 231
219 114
219 207
219 238
219 132
219 239
219 237
219 226
219 117
219 172
220 257
220 247
220 211
220 209
220 234
220 206
220 259
220 144
220 255
220 205
221 223
221 215
221 209
221 219
221 239
221 248
221 231
221 207
221 224
221 124
222 208
222 215
222 231
222 219
222 230
222 250
222 238
222 239
222 241
222 174
223 221
223 215
223 219
223 209
223 224
223 239
223 207
223 231
223 245
223 248
224 207
224 237
224 250
224 208
224 172
224 238
224 219
224 248
224 225
224 231
225 250
225 248
225 231
225 238
225 114
225 241
225 208
225 211
225 207
225 242
226 114
226 124
226 236
226 240
226 241
226 132
226 248
226 231
226 150
226 135
227 231
227 236
227 239
227 114
227 244
227 241
227 237
227 238
227 135
227 132
228 240
228 118
228 241
228 242
228 116
228 109
228 236
228 127
228 150
228 124
229 205
229 109
229 210
229 262
229 151
229 242
229 116
229 118
229 141
229 127
230 231
230 239
230 238
230 114
230 219
230 250
230 236
230 237
230 241
230 117
231 114
231 236
231 238
231 132
231 240
231 248
231 241
231 226
231 124
231 239
232 245
232 231
232 230
232 238
232 114
232 250
232 248
232 207
232 113
232 226
233 237
233 245
233 248
233 219
233 224
233 250
233 231
233 238
233 138
233 239
234 151
234 141
234 109
234 209
234 229
234 205
234 116
234 259
234 119
234 210
235 241
235 225
235 238
235 245
235 248
235 208
235 114
235 231
235 226
235 253
236 240
236 114
236 124
236 231
236 226
236 241
236 132
236 248
236 135
236 238
237 238
237 117
237 114
237 248
237 135
237 226
237 239
237 250
237 207
237 113
238 231
238 114
238 236
238 207
238 132
238 248
238 208
238 250
238 124
238 241
239 114
239 231
239 226
239 236
239 132
239 240
239 124
239 238
239 241
239 248
240 236
240 124
240 242
240 114
240 241
240 226
240 248
240 132
240 118
240 150
241 114
241 248
241 240
241 124
241 236
241 226
241 242
241 231
241 211
241 132
242 118
242 211
242 240
242 116
242 205
242 229
242 262
242 124
242 150
242 120
243 241
243 111
243 119
243 240
243 122
243 116
243 236
243 226
243 141
243 248
244 227
244 115
244 231
244 239
244 241
244 236
244 230
244 114
244 237
244 150
245 248
245 231
245 241
245 238
245 226
245 114
245 240
245 236
245 124
245 132
246 254
246 257
246 255
246 258
246 263
246 259
246 262
246 260
246 229
246 210
247 205
247 262
247 255
247 210
247 259
247 258
247 229
247 257
247 206
247 260
248 241
248 114
248 240
248 236
248 211
248 124
248 242
248 226
248 231
248 238
249 259
249 151
249 263
249 258
249 260
249 209
249 256
249 262
249 247
249 141
250 238
250 231
250 248
250 114
250 208
250 225
250 236
250 132
250 207
250 124
251 205
251 260
251 254
251 247
251 170
251 248
251 245
251 258
251 119
251 262
252 225
252 121
252 260
252 162
252 172
252 250
252 239
252 219
252 114
252 215
253 235
253 250
253 208
253 225
253 248
253 238
253 231
253 245
253 241
253 240
254 259
254 255
254 262
254 256
254 205
254 260
254 229
254 242
254 210
254 258
255 262
255 259
255 205
255 257
255 210
255 261
255 229
255 209
255 167
255 242
256 229
256 262
256 259
256 151
256 205
256 210
256 206
256 242
256 255
256 141
257 262
257 255
257 205
257 259
257 258
257 167
257 210
257 229
257 260
257 187
258 263
258 262
258 205
258 259
258 257
258 229
258 210
258 255
258 151
258 170
259 262
259 205
259 209
259 255
259 229
259 210
259 242
259 151
259 260
259 206
260 262
260 242
260 259
260 205
260 206
260 151
260 211
260 255
260 257
260 229
261 262
261 255
261 210
261 259
261 205
261 167
261 151
261 229
261 242
261 257
262 205
262 259
262 255
262 167
262 229
262 242
262 210
262 187
262 257
262 260
263 258
263 262
263 259
263 229
263 205
263 151
263 257
263 260
263 206
263 210
264 267
264 265
264 266
264 103
264 106
264 107
264 105
264 108
264 102
264 101
265 266
265 106
265 107
265 267
265 103
265 264
265 105
265 108
265 102
265 101
266 265
266 107
266 106
266 267
266 264
266 103
266 108
266 105
266 102
266 104
267 264
267 265
267 266
267 106
267 107
267 103
267 105
267 108
267 102
267 101
